Buoy: 0.22490286827087402, 0.15415287017822266, 0.23169612884521484, 0.1650712490081787, 0.15491294860839844
    AVG: .186s

Fifa: 0.23238492012023926, 0.31421804428100586, 0.531599760055542, 0.2138807773590088, 0.3185129165649414
    AVG: .322s

Gov: 0.7406070232391357, 0.7549219131469727, 0.7586297988891602, 0.7010271549224854, 0.8705437183380127
    AVG: .765s
Chess: 1.51,1.577,1.57,1.63,1.66
    AVG: 1.5894s

Census: 8.2095, 10.2915, 8.24496, 9.218, 8.2436
    Avg: 8.84s
SB: .483,.323,.353,.363,.448
    Avg: .394s
SBClimate: 1.57, 1.447,1.04,1.065,1.19
    Avg:1.262s
Glycemic: .36,.39,.45,.39,.37
    Avg: .392s
Billboard:.422,.484,.367,.374,.487
    Avg: .423s
GDB: .545,.545,.549,.55,.552
    Avg: .5482
